# energy grid [eV]     epsi_x  epsi_y  epsi_z
#
    0.000000000    0.000000000    0.000000000    0.000000000
    0.020040080    0.001496905    0.001496917    0.000225097
    0.040080160    0.002994934    0.002994959    0.000450242
    0.060120240    0.004495218    0.004495254    0.000675480
    0.080160321    0.005998888    0.005998937    0.000900859
    0.100200401    0.007507086    0.007507148    0.001126426
    0.120240481    0.009020967    0.009021041    0.001352228
    0.140280561    0.010541696    0.010541783    0.001578312
    0.160320641    0.012070459    0.012070558    0.001804727
    0.180360721    0.013608459    0.013608571    0.002031520
    0.200400802    0.015156925    0.015157050    0.002258738
    0.220440882    0.016717111    0.016717249    0.002486431
    0.240480962    0.018290302    0.018290452    0.002714647
    0.260521042    0.019877816    0.019877980    0.002943434
    0.280561122    0.021481010    0.021481187    0.003172844
    0.300601202    0.023101282    0.023101472    0.003402924
    0.320641283    0.024740076    0.024740280    0.003633726
    0.340681363    0.026398888    0.026399106    0.003865301
    0.360721443    0.028079269    0.028079501    0.004097699
    0.380761523    0.029782832    0.029783077    0.004330974
    0.400801603    0.031511255    0.031511515    0.004565176
    0.420841683    0.033266292    0.033266566    0.004800360
    0.440881764    0.035049774    0.035050064    0.005036580
    0.460921844    0.036863623    0.036863927    0.005273890
    0.480961924    0.038709852    0.038710172    0.005512345
    0.501002004    0.040590581    0.040590917    0.005752003
    0.521042084    0.042508043    0.042508395    0.005992920
    0.541082164    0.044464595    0.044464963    0.006235154
    0.561122244    0.046462728    0.046463113    0.006478765
    0.581162325    0.048505083    0.048505485    0.006723812
    0.601202405    0.050594463    0.050594883    0.006970357
    0.621242485    0.052733849    0.052734287    0.007218462
    0.641282565    0.054926417    0.054926873    0.007468192
    0.661322645    0.057175556    0.057176031    0.007719610
    0.681362725    0.059484893    0.059485387    0.007972783
    0.701402806    0.061858316    0.061858830    0.008227778
    0.721442886    0.064299996    0.064300531    0.008484666
    0.741482966    0.066814427    0.066814982    0.008743515
    0.761523046    0.069406452    0.069407028    0.009004398
    0.781563126    0.072081304    0.072081903    0.009267390
    0.801603206    0.074844655    0.074845277    0.009532566
    0.821643287    0.077702661    0.077703307    0.009800003
    0.841683367    0.080662022    0.080662692    0.010069781
    0.861723447    0.083730048    0.083730742    0.010341982
    0.881763527    0.086914734    0.086915455    0.010616688
    0.901803607    0.090224853    0.090225600    0.010893986
    0.921843687    0.093670052    0.093670827    0.011173963
    0.941883768    0.097260976    0.097261779    0.011456712
    0.961923848    0.101009407    0.101010239    0.011742324
    0.981963928    0.104928424    0.104929286    0.012030896
    1.002004008    0.109032605    0.109033499    0.012322526
    1.022044088    0.113338251    0.113339177    0.012617317
    1.042084168    0.117863665    0.117864624    0.012915372
    1.062124248    0.122629479    0.122630473    0.013216800
    1.082164329    0.127659058    0.127660088    0.013521713
    1.102204409    0.132978980    0.132980047    0.013830226
    1.122244489    0.138619634    0.138620739    0.014142457
    1.142284569    0.144615947    0.144617093    0.014458530
    1.162324649    0.151008298    0.151009484    0.014778572
    1.182364729    0.157843645    0.157844873    0.015102714
    1.202404810    0.165176968    0.165178240    0.015431092
    1.222444890    0.173073087    0.173074403    0.015763848
    1.242484970    0.181609013    0.181610375    0.016101127
    1.262525050    0.190876991    0.190878400    0.016443082
    1.282565130    0.200988507    0.200989963    0.016789869
    1.302605210    0.212079594    0.212081098    0.017141652
    1.322645291    0.224317981    0.224319533    0.017498601
    1.342685371    0.237912824    0.237914424    0.017860892
    1.362725451    0.253128152    0.253129797    0.018228710
    1.382765531    0.270301696    0.270303384    0.018602244
    1.402805611    0.289871698    0.289873426    0.018981695
    1.422845691    0.312415627    0.312417386    0.019367270
    1.442885772    0.338706980    0.338708762    0.019759186
    1.462925852    0.369799814    0.369801603    0.020157669
    1.482965932    0.407155952    0.407157728    0.020562955
    1.503006012    0.452837455    0.452839184    0.020975291
    1.523046092    0.509795370    0.509797005    0.021394936
    1.543086172    0.582286304    0.582287775    0.021822161
    1.563126253    0.676403951    0.676405156    0.022257249
    1.583166333    0.800494857    0.800495648    0.022700498
    1.603206413    0.964451286    0.964451461    0.023152220
    1.623246493    1.174730872    1.174730198    0.023612745
    1.643286573    1.418744878    1.418743206    0.024082416
    1.663326653    1.639093397    1.639090933    0.024561597
    1.683366733    1.740811371    1.740808905    0.025050672
    1.703406814    1.683298757    1.683297342    0.025550045
    1.723446894    1.536287072    1.536287373    0.026060142
    1.743486974    1.393814941    1.393817101    0.026581415
    1.763527054    1.303302566    1.303306498    0.027114340
    1.783567134    1.275350958    1.275356596    0.027659424
    1.803607214    1.309194383    1.309201782    0.028217203
    1.823647295    1.405816761    1.405826145    0.028788246
    1.843687375    1.572774884    1.572786684    0.029373161
    1.863727455    1.826265627    1.826280514    0.029972593
    1.883767535    2.191787709    2.191806569    0.030587230
    1.903807615    2.699866469    2.699890071    0.031217808
    1.923847695    3.364371283    3.364399064    0.031865114
    1.943887776    4.120735193    4.120762540    0.032529993
    1.963927856    4.738704329    4.738721003    0.033213351
    1.983967936    4.887656078    4.887654047    0.033916161
    2.004008016    4.480691147    4.480675953    0.034639476
    2.024048096    3.792178937    3.792163097    0.035384429
    2.044088176    3.122656642    3.122647690    0.036152251
    2.064128257    2.599801754    2.599801521    0.036944275
    2.084168337    2.233701845    2.233709947    0.037761952
    2.104208417    1.997945466    1.997961363    0.038606867
    2.124248497    1.865706077    1.865729795    0.039480753
    2.144288577    1.819353892    1.819386226    0.040385512
    2.164328657    1.851266996    1.851309572    0.041323243
    2.184368737    1.962198604    1.962253712    0.042296264
    2.204408818    2.156812471    2.156882035    0.043307153
    2.224448898    2.430524350    2.430606552    0.044358784
    2.244488978    2.740045273    2.740128359    0.045454381
    2.264529058    2.978836462    2.978898750    0.046597580
    2.284569138    3.040845951    3.040876296    0.047792507
    2.304609218    2.950316101    2.950328583    0.049043880
    2.324649299    2.835958159    2.835972934    0.050357129
    2.344689379    2.800582605    2.800609964    0.051738568
    2.364729459    2.888483195    2.888525795    0.053195608
    2.384769539    3.117055955    3.117114443    0.054737049
    2.404809619    3.497818364    3.497895256    0.056373472
    2.424849699    4.031821815    4.031925168    0.058117797
    2.444889780    4.687304533    4.687450071    0.059986052
    2.464929860    5.393482579    5.393687252    0.061998494
    2.484969940    6.073126730    6.073399773    0.064181228
    2.505010020    6.671727814    6.672078954    0.066568585
    2.525050100    7.222830355    7.223283653    0.069206530
    2.545090180    7.860419820    7.861012385    0.072157257
    2.565130261    8.633604106    8.634360790    0.075504157
    2.585170341    9.402241539    9.403125637    0.079352888
    2.605210421    9.947315995    9.948220112    0.083815386
    2.625250501   10.130147111   10.130979617    0.088955045
    2.645290581   10.019701904   10.020460195    0.094710067
    2.665330661    9.849580433    9.850309388    0.100910104
    2.685370741    9.878600051    9.879326675    0.107317293
    2.705410822   10.257361593   10.258068520    0.113437743
    2.725450902   10.900509196   10.901106988    0.118766000
    2.745490982   11.557684991   11.558064923    0.123697418
    2.765531062   12.128186419   12.128369630    0.129421161
    2.785571142   12.724206797   12.724327640    0.136766098
    2.805611222   13.309967021   13.310113297    0.145564841
    2.825651303   13.603894275   13.604055645    0.154913863
    2.845691383   13.451559954   13.451674548    0.164488412
    2.865731463   13.025014841   13.025023953    0.175573539
    2.885771543   12.533028622   12.532876126    0.190207929
    2.905811623   12.027691973   12.027352572    0.210214768
    2.925851703   11.519609591   11.519086976    0.237156485
    2.945891784   10.953185715   10.952429748    0.272165132
    2.965931864   10.198424070   10.197466490    0.315053294
    2.985971944    9.303834039    9.302866559    0.363816740
    3.006012024    8.486279801    8.485440269    0.415540249
    3.026052104    7.854119004    7.853414715    0.464226713
    3.046092184    7.332543540    7.331932820    0.498154287
    3.066132265    6.816405351    6.815855872    0.510715196
    3.086172345    6.292649597    6.292143907    0.508715588
    3.106212425    5.812308589    5.811844940    0.502686007
    3.126252505    5.431033320    5.430639726    0.502361376
    3.146292585    5.180456597    5.180151759    0.517730289
    3.166332665    5.042806473    5.042562936    0.556109914
    3.186372745    4.982249463    4.982033577    0.618993542
    3.206412826    4.983337488    4.983122096    0.700414483
    3.226452906    5.020426508    5.020199312    0.788710385
    3.246492986    5.039892024    5.039683436    0.869740916
    3.266533066    4.981789848    4.981641110    0.923968770
    3.286573146    4.835650198    4.835567919    0.932543941
    3.306613226    4.652685262    4.652629835    0.901296500
    3.326653307    4.498516876    4.498448879    0.862153095
    3.346693387    4.428888232    4.428818799    0.841868069
    3.366733467    4.470249299    4.470220150    0.850075481
    3.386773547    4.628455224    4.628490905    0.887927113
    3.406813627    4.921038220    4.921123354    0.948735376
    3.426853707    5.346053505    5.346143113    1.015744522
    3.446893788    5.798953697    5.798981885    1.072214525
    3.466933868    6.073872203    6.073767503    1.116707515
    3.486973948    6.044318437    6.044069701    1.160196001
    3.507014028    5.826576969    5.826261489    1.206947294
    3.527054108    5.660491428    5.660181919    1.246714887
    3.547094188    5.677366520    5.677055630    1.270833012
    3.567134269    5.827048072    5.826665532    1.280954858
    3.587174349    5.954126813    5.953650052    1.283218551
    3.607214429    5.931811362    5.931372851    1.285244723
    3.627254509    5.748421821    5.748169379    1.298376583
    3.647294589    5.501637991    5.501550731    1.324353013
    3.667334669    5.286468512    5.286437785    1.344657988
    3.687374749    5.126042053    5.125990037    1.342876301
    3.707414830    5.046013052    5.045908746    1.316167901
    3.727454910    5.105411407    5.105244702    1.267294911
    3.747494990    5.343474846    5.343237834    1.210850091
    3.767535070    5.759356622    5.759047842    1.163832749
    3.787575150    6.277003481    6.276661081    1.128561861
    3.807615230    6.664123721    6.663831673    1.101054674
    3.827655311    6.652554759    6.652353210    1.079706114
    3.847695391    6.254063503    6.253913718    1.060432023
    3.867735471    5.713591004    5.713501316    1.038787297
    3.887775551    5.192686119    5.192768123    1.016979775
    3.907815631    4.732483019    4.732803025    1.005979580
    3.927855711    4.378542896    4.379002142    1.016496380
    3.947895792    4.192373855    4.192833376    1.051015448
    3.967935872    4.195625593    4.196017766    1.106673336
    3.987975952    4.351961278    4.352264041    1.177938635
    4.008016032    4.592276414    4.592471543    1.253079263
    4.028056112    4.855317725    4.855380897    1.312892812
    4.048096192    5.085714785    5.085621768    1.331840827
    4.068136273    5.225215724    5.224991507    1.299339235
    4.088176353    5.237888051    5.237641577    1.238700333
    4.108216433    5.106776946    5.106635560    1.178859585
    4.128256513    4.850466507    4.850452008    1.127548741
    4.148296593    4.556180102    4.556203985    1.078254984
    4.168336673    4.329948963    4.329937894    1.026401054
    4.188376754    4.239366713    4.239314321    0.982056269
    4.208416834    4.294899475    4.294834797    0.962123948
    4.228456914    4.446227221    4.446189965    0.975452928
    4.248496994    4.598452069    4.598471246    1.019079029
    4.268537074    4.680363937    4.680443698    1.078694803
    4.288577154    4.709302895    4.709432661    1.134830236
    4.308617234    4.767732781    4.767892410    1.179513874
    4.328657315    4.938887649    4.939065588    1.222014118
    4.348697395    5.274045343    5.274238491    1.277235186
    4.368737475    5.749150465    5.749339744    1.356532588
    4.388777555    6.248508422    6.248691046    1.465443959
    4.408817635    6.626753593    6.627010759    1.608271999
    4.428857715    6.731351758    6.731784823    1.787778083
    4.448897796    6.470346353    6.470920158    1.996238519
    4.468937876    5.957878849    5.958402959    2.216896940
    4.488977956    5.408903519    5.409182349    2.432221825
    4.509018036    4.944327007    4.944322936    2.622515009
    4.529058116    4.591038549    4.590854782    2.774625576
    4.549098196    4.364266370    4.364026544    2.905958449
    4.569138277    4.278423341    4.278216937    3.063200845
    4.589178357    4.293906582    4.293812481    3.263191242
    4.609218437    4.312814541    4.312886574    3.453299148
    4.629258517    4.276238710    4.276432340    3.567916546
    4.649298597    4.208964549    4.209174150    3.622307611
    4.669338677    4.146102753    4.146271875    3.690561997
    4.689378758    4.124268345    4.124403275    3.807161003
    4.709418838    4.180744432    4.180860452    3.944359001
    4.729458918    4.279156802    4.279259377    4.067618814
    4.749498998    4.307837559    4.307920378    4.176164597
    4.769539078    4.205704846    4.205762817    4.279863293
    4.789579158    4.032776669    4.032832951    4.358746308
    4.809619238    3.888745769    3.888820096    4.363260933
    4.829659319    3.822704596    3.822773777    4.275791575
    4.849699399    3.819506581    3.819545613    4.158837758
    4.869739479    3.836402990    3.836435479    4.093652758
    4.889779559    3.833974717    3.834056332    4.129895502
    4.909819639    3.788244621    3.788412347    4.282714456
    4.929859719    3.710468717    3.710742149    4.514230508
    4.949899800    3.644189371    3.644581655    4.759905244
    4.969939880    3.653576143    3.654064352    5.002685829
    4.989979960    3.793153237    3.793689516    5.282733285
    5.010020040    4.063451296    4.063976287    5.614371955
    5.030060120    4.392390925    4.392813594    5.927626694
    5.050100200    4.643988245    4.644226311    6.138192892
    5.070140281    4.691962341    4.692016516    6.226162104
    5.090180361    4.547965807    4.547911575    6.207270787
    5.110220441    4.357634651    4.357560694    6.139859983
    5.130260521    4.240805235    4.240763620    6.127476246
    5.150300601    4.203604523    4.203603215    6.216996095
    5.170340681    4.203558546    4.203591900    6.356836041
    5.190380762    4.207256511    4.207318006    6.503191674
    5.210420842    4.165546848    4.165611561    6.690948581
    5.230460922    4.038444957    4.038492648    6.957625273
    5.250501002    3.849327214    3.849352879    7.264543710
    5.270541082    3.649409630    3.649414091    7.501587596
    5.290581162    3.454383525    3.454393673    7.616283617
    5.310621242    3.235587951    3.235646906    7.717853561
    5.330661323    2.978265738    2.978387291    7.924978359
    5.350701403    2.732291733    2.732451431    8.202615439
    5.370741483    2.566465216    2.566637954    8.435322747
    5.390781563    2.512561330    2.512737855    8.593897353
    5.410821643    2.560634506    2.560813984    8.720460632
    5.430861723    2.672964788    2.673150650    8.781376348
    5.450901804    2.798487482    2.798681429    8.725543381
    5.470941884    2.883475426    2.883662157    8.609173209
    5.490981964    2.902866459    2.903029858    8.532603008
    5.511022044    2.895137612    2.895291476    8.498801554
    5.531062124    2.915868507    2.916029958    8.456658897
    5.551102204    2.961630564    2.961771027    8.407035312
    5.571142285    2.986772631    2.986832648    8.355168016
    5.591182365    2.982858791    2.982835131    8.299662718
    5.611222445    2.998187930    2.998136383    8.279659909
    5.631262525    3.076533043    3.076495011    8.291299514
    5.651302605    3.198832291    3.198813858    8.240358203
    5.671342685    3.291330680    3.291325571    8.060175067
    5.691382766    3.306538027    3.306547680    7.759160896
    5.711422846    3.271931189    3.271953279    7.343238945
    5.731462926    3.246108952    3.246120333    6.789461287
    5.751503006    3.260787222    3.260774513    6.125068603
    5.771543086    3.313514868    3.313501866    5.472112062
    5.791583166    3.394124912    3.394132673    4.958616074
    5.811623246    3.487250613    3.487283225    4.611788629
    5.831663327    3.543548804    3.543614661    4.365436876
    5.851703407    3.504352818    3.504454627    4.151577883
    5.871743487    3.386927953    3.387047976    3.952558231
    5.891783567    3.281880858    3.281994216    3.781571522
    5.911823647    3.254222914    3.254327038    3.660260501
    5.931863727    3.289350843    3.289472185    3.600282607
    5.951903808    3.325209729    3.325362506    3.599438940
    5.971943888    3.314796278    3.314937477    3.632420561
    5.991983968    3.242343531    3.242409687    3.664789744
    6.012024048    3.119726989    3.119708589    3.674928196
    6.032064128    2.996257387    2.996199712    3.642157392
    6.052104208    2.928734559    2.928678076    3.544006563
    6.072144289    2.942731541    2.942691327    3.361808440
    6.092184369    3.014816266    3.014797298    3.121578803
    6.112224449    3.084776355    3.084772703    2.896690046
    6.132264529    3.107135973    3.107119870    2.742191853
    6.152304609    3.088372870    3.088318088    2.671212751
    6.172344689    3.067557058    3.067470345    2.679433002
    6.192384770    3.079883288    3.079792693    2.757751481
    6.212424850    3.134931269    3.134867730    2.875891705
    6.232464930    3.205293994    3.205280026    2.984586887
    6.252505010    3.240648803    3.240684876    3.062044238
    6.272545090    3.199194001    3.199258864    3.142257348
    6.292585170    3.079636211    3.079701273    3.259070866
    6.312625251    2.933476012    2.933525131    3.359667526
    6.332665331    2.822542655    2.822577019    3.327085893
    6.352705411    2.762325836    2.762349012    3.122266250
    6.372745491    2.720124753    2.720133762    2.831155767
    6.392785571    2.665808416    2.665797488    2.570608322
    6.412825651    2.586107155    2.586077377    2.410836522
    6.432865731    2.474048857    2.474007316    2.357126596
    6.452905812    2.347728125    2.347677594    2.358981433
    6.472945892    2.229601842    2.229544361    2.341249570
    6.492985972    2.108453301    2.108403467    2.263057653
    6.513026052    1.964367155    1.964339976    2.141574221
    6.533066132    1.814895788    1.814885012    2.014818957
    6.553106212    1.701790679    1.701781877    1.897586621
    6.573146293    1.644443233    1.644432309    1.784660518
    6.593186373    1.627005320    1.626996983    1.672330561
    6.613226453    1.622587233    1.622581193    1.557244770
    6.633266533    1.624700555    1.624688711    1.447527602
    6.653306613    1.643965040    1.643947122    1.366601996
    6.673346693    1.682424054    1.682409927    1.333774407
    6.693386774    1.727620320    1.727612296    1.356483331
    6.713426854    1.769284310    1.769272272    1.432834398
    6.733466934    1.795246330    1.795218559    1.549528150
    6.753507014    1.783922970    1.783870892    1.679802748
    6.773547094    1.735274305    1.735199043    1.798041736
    6.793587174    1.676124404    1.676040464    1.906462162
    6.813627255    1.626557023    1.626478964    2.030893433
    6.833667335    1.600729812    1.600657608    2.180783833
    6.853707415    1.622976863    1.622901564    2.335349733
    6.873747495    1.708401411    1.708321214    2.458331924
    6.893787575    1.836008255    1.835934564    2.515432378
    6.913827655    1.948201781    1.948145081    2.502493787
    6.933867735    1.993421967    1.993374229    2.438988020
    6.953907816    1.969302884    1.969254409    2.348020801
    6.973947896    1.902642073    1.902596509    2.257480231
    6.993987976    1.806239367    1.806203904    2.208442810
    7.014028056    1.685318355    1.685294838    2.233280087
    7.034068136    1.567178340    1.567160081    2.313003433
    7.054108216    1.482389521    1.482367637    2.371874504
    7.074148297    1.438038300    1.438007708    2.342586463
    7.094188377    1.421790110    1.421751910    2.236861748
    7.114228457    1.414003837    1.413963065    2.112711246
    7.134268537    1.408453030    1.408412089    2.008027740
    7.154308617    1.417907275    1.417862336    1.938555133
    7.174348697    1.444001209    1.443944374    1.917623374
    7.194388778    1.467713440    1.467640469    1.950081540
    7.214428858    1.478754206    1.478673488    2.016656988
    7.234468938    1.482386998    1.482323015    2.081123611
    7.254509018    1.476185599    1.476171324    2.123677788
    7.274549098    1.453046054    1.453088835    2.154743279
    7.294589178    1.422103214    1.422173877    2.194645079
    7.314629259    1.398953568    1.399031992    2.245093661
    7.334669339    1.386482983    1.386577825    2.269907444
    7.354709419    1.382732988    1.382849372    2.228308693
    7.374749499    1.387980884    1.388099960    2.123697377
    7.394789579    1.389944388    1.390042035    1.996066579
    7.414829659    1.365083380    1.365147894    1.886253190
    7.434869739    1.312576561    1.312610863    1.805564214
    7.454909820    1.265758055    1.265771888    1.740197387
    7.474949900    1.258295854    1.258298689    1.681732300
    7.494989980    1.296690061    1.296691289    1.646623503
    7.515030060    1.357037183    1.357049506    1.660574868
    7.535070140    1.403258388    1.403294704    1.738171203
    7.555110220    1.419644740    1.419708707    1.885480694
    7.575150301    1.414712663    1.414795950    2.105240990
    7.595190381    1.400832499    1.400922480    2.391296580
    7.615230461    1.393502095    1.393590032    2.717134585
    7.635270541    1.411696953    1.411778493    3.010227383
    7.655310621    1.457387740    1.457457153    3.155331181
    7.675350701    1.507202046    1.507252326    3.106464079
    7.695390782    1.531690028    1.531718919    2.959489913
    7.715430862    1.509390905    1.509401133    2.830587580
    7.735470942    1.436113979    1.436109756    2.741079830
    7.755511022    1.330063808    1.330046967    2.641324755
    7.775551102    1.214411199    1.214383107    2.497890256
    7.795591182    1.106722784    1.106689028    2.338451916
    7.815631263    1.017182389    1.017152865    2.220493727
    7.835671343    0.943900022    0.943883758    2.187106800
    7.855711423    0.878287596    0.878286874    2.246508147
    7.875751503    0.821483020    0.821492618    2.367870047
    7.895791583    0.785587752    0.785601021    2.495968760
    7.915831663    0.778998212    0.779012041    2.598355607
    7.935871743    0.798183964    0.798200528    2.691334061
    7.955911824    0.826627397    0.826655796    2.789785587
    7.975951904    0.839294721    0.839346544    2.869640546
    7.995991984    0.821030444    0.821104932    2.913311845
    8.016032064    0.781314698    0.781394617    2.961356629
    8.036072144    0.741118023    0.741186528    3.082648029
    8.056112224    0.713577749    0.713628776    3.302253239
    8.076152305    0.698480521    0.698514233    3.564897821
    8.096192385    0.687675640    0.687692513    3.781223526
    8.116232465    0.675900788    0.675902551    3.917427026
    8.136272545    0.667656011    0.667646791    4.001984204
    8.156312625    0.670142536    0.670126523    4.049298358
    8.176352705    0.685635405    0.685616517    4.019963014
    8.196392786    0.709709804    0.709693943    3.867281970
    8.216432866    0.728942619    0.728937943    3.598268104
    8.236472946    0.727815463    0.727826614    3.270810862
    8.256513026    0.703756101    0.703778024    2.957824399
    8.276553106    0.667778772    0.667800958    2.713724293
    8.296593186    0.632327979    0.632343812    2.546719495
    8.316633267    0.603808483    0.603818937    2.420313771
    8.336673347    0.582366756    0.582377476    2.301412691
    8.356713427    0.566410785    0.566424900    2.197580876
    8.376753507    0.558556745    0.558571886    2.129369164
    8.396793587    0.563712609    0.563726065    2.101662343
    8.416833667    0.581472178    0.581485449    2.103430663
    8.436873747    0.604991608    0.605010056    2.104870752
    8.456913828    0.628678346    0.628706918    2.071325240
    8.476953908    0.652580665    0.652619285    1.999917648
    8.496993988    0.677969455    0.678010571    1.930904464
    8.517034068    0.702780205    0.702811667    1.907968185
    8.537074148    0.723345100    0.723361038    1.942033447
    8.557114228    0.740553263    0.740560067    2.009599689
    8.577154309    0.754093230    0.754101813    2.068628194
    8.597194389    0.756511065    0.756527537    2.084994098
    8.617234469    0.742256584    0.742278390    2.053639262
    8.637274549    0.715004269    0.715025007    1.995415819
    8.657314629    0.683806023    0.683823146    1.939494000
    8.677354709    0.656916208    0.656931508    1.913043491
    8.697394790    0.641996186    0.642012245    1.935981088
    8.717434870    0.644869400    0.644887355    1.996237933
    8.737474950    0.664870595    0.664890266    2.041778426
    8.757515030    0.695984311    0.696004377    2.021586452
    8.777555110    0.730932510    0.730948766    1.927917315
    8.797595190    0.761233495    0.761239182    1.785707223
    8.817635271    0.779883292    0.779875329    1.624110298
    8.837675351    0.790725939    0.790710309    1.470421642
    8.857715431    0.810241934    0.810228646    1.344220682
    8.877755511    0.852717452    0.852712039    1.255807818
    8.897795591    0.916541177    0.916542620    1.208208947
    8.917835671    0.984863178    0.984865297    1.194135015
    8.937875752    1.038927188    1.038923876    1.195672324
    8.957915832    1.066377226    1.066370241    1.197102055
    8.977955912    1.062862806    1.062859128    1.198130999
    8.997995992    1.040209315    1.040212183    1.205759123
    9.018036072    1.020951028    1.020960647    1.226595721
    9.038076152    1.017295688    1.017312939    1.268266143
    9.058116232    1.029731604    1.029757037    1.329250532
    9.078156313    1.059402256    1.059433770    1.393896414
    9.098196393    1.110719011    1.110751681    1.443955754
    9.118236473    1.180179879    1.180207401    1.462313852
    9.138276553    1.251230228    1.251248198    1.439361260
    9.158316633    1.305080543    1.305090642    1.387540612
    9.178356713    1.327082247    1.327089404    1.337325418
    9.198396794    1.317694000    1.317701608    1.317927049
    9.218436874    1.301875898    1.301889928    1.339380397
    9.238476954    1.299112991    1.299146933    1.390437557
    9.258517034    1.303147554    1.303208497    1.450650504
    9.278557114    1.300451493    1.300525512    1.512172228
    9.298597194    1.282073659    1.282143043    1.592616141
    9.318637275    1.245739758    1.245802471    1.710720223
    9.338677355    1.195425752    1.195488330    1.859751340
    9.358717435    1.136403533    1.136467101    2.020104222
    9.378757515    1.080325697    1.080386169    2.188870763
    9.398797595    1.040962070    1.041015874    2.378823732
    9.418837675    1.023444618    1.023487634    2.595769102
    9.438877756    1.021937292    1.021966275    2.819097590
    9.458917836    1.030397647    1.030416764    3.000566091
    9.478957916    1.052089716    1.052107084    3.111200299
    9.498997996    1.088389646    1.088408687    3.167006847
    9.519038076    1.131526304    1.131546971    3.196063418
    9.539078156    1.179700257    1.179725169    3.211124071
    9.559118236    1.240212097    1.240245963    3.198396368
    9.579158317    1.309189685    1.309234332    3.148009406
    9.599198397    1.359352135    1.359401990    3.079955170
    9.619238477    1.357632077    1.357676610    3.020020975
    9.639278557    1.303129844    1.303165944    2.983729671
    9.659318637    1.233855603    1.233889009    2.985800204
    9.679358717    1.189003563    1.189036861    3.036507460
    9.699398798    1.180931720    1.180960035    3.116860826
    9.719438878    1.200411051    1.200430408    3.195073278
    9.739478958    1.227680033    1.227692471    3.249671201
    9.759519038    1.232362853    1.232369248    3.259799606
    9.779559118    1.187536728    1.187536685    3.222485608
    9.799599198    1.103869173    1.103865832    3.167465450
    9.819639279    1.022291563    1.022288521    3.126265206
    9.839679359    0.972523881    0.972522149    3.098326701
    9.859719439    0.959073212    0.959071779    3.060113140
    9.879759519    0.971264451    0.971262245    3.018360012
    9.899799599    0.995060996    0.995058843    3.009693918
    9.919839679    1.017548220    1.017547534    3.045742658
    9.939879760    1.032823825    1.032823403    3.109816518
    9.959919840    1.050849348    1.050846362    3.197092040
    9.979959920    1.086857604    1.086851492    3.293867680
   10.000000000    1.142480846    1.142476636    3.347470436
