# energy grid [eV]     epsr_x  epsr_y  epsr_z
# plasmon frequences [eV]:     8.767284667    8.767322770    9.063732849
    0.000000000    5.959674054    5.959705425    3.431673682
    0.020040080    5.959873325    5.959904698    3.431703726
    0.040080160    5.960471288    5.960502667    3.431793862
    0.060120240    5.961468389    5.961499776    3.431944110
    0.080160321    5.962865372    5.962896770    3.432154501
    0.100200401    5.964663283    5.964694696    3.432425078
    0.120240481    5.966863469    5.966894900    3.432755899
    0.140280561    5.969467585    5.969499037    3.433147031
    0.160320641    5.972477595    5.972509072    3.433598557
    0.180360721    5.975895779    5.975927284    3.434110571
    0.200400802    5.979724737    5.979756274    3.434683180
    0.220440882    5.983967398    5.983998969    3.435316504
    0.240480962    5.988627022    5.988658631    3.436010675
    0.260521042    5.993707216    5.993738867    3.436765840
    0.280561122    5.999211938    5.999243634    3.437582156
    0.300601202    6.005145507    6.005177252    3.438459798
    0.320641283    6.011512618    6.011544416    3.439398949
    0.340681363    6.018318352    6.018350206    3.440399809
    0.360721443    6.025568190    6.025600103    3.441462591
    0.380761523    6.033268029    6.033300006    3.442587520
    0.400801603    6.041424198    6.041456242    3.443774837
    0.420841683    6.050043476    6.050075591    3.445024796
    0.440881764    6.059133113    6.059165303    3.446337666
    0.460921844    6.068700848    6.068733117    3.447713730
    0.480961924    6.078754938    6.078787291    3.449153286
    0.501002004    6.089304180    6.089336619    3.450656645
    0.521042084    6.100357937    6.100390468    3.452224136
    0.541082164    6.111926174    6.111958801    3.453856102
    0.561122244    6.124019488    6.124052215    3.455552902
    0.581162325    6.136649143    6.136681974    3.457314909
    0.601202405    6.149827112    6.149860053    3.459142514
    0.621242485    6.163566120    6.163599175    3.461036125
    0.641282565    6.177879690    6.177912864    3.462996166
    0.661322645    6.192782198    6.192815496    3.465023077
    0.681362725    6.208288926    6.208322353    3.467117316
    0.701402806    6.224416128    6.224449688    3.469279360
    0.721442886    6.241181097    6.241214797    3.471509703
    0.741482966    6.258602243    6.258636087    3.473808859
    0.761523046    6.276699174    6.276733169    3.476177358
    0.781563126    6.295492793    6.295526944    3.478615752
    0.801603206    6.315005397    6.315039711    3.481124612
    0.821643287    6.335260795    6.335295277    3.483704530
    0.841683367    6.356284431    6.356319087    3.486356117
    0.861723447    6.378103530    6.378138367    3.489080009
    0.881763527    6.400747254    6.400782280    3.491876860
    0.901803607    6.424246884    6.424282105    3.494747348
    0.921843687    6.448636016    6.448671439    3.497692175
    0.941883768    6.473950789    6.473986421    3.500712066
    0.961923848    6.500230139    6.500265989    3.503807769
    0.981963928    6.527516092    6.527552167    3.506980061
    1.002004008    6.555854090    6.555890398    3.510229740
    1.022044088    6.585293371    6.585329920    3.513557634
    1.042084168    6.615887396    6.615924196    3.516964597
    1.062124248    6.647694351    6.647731410    3.520451512
    1.082164329    6.680777715    6.680815044    3.524019291
    1.102204409    6.715206929    6.715244537    3.527668875
    1.122244489    6.751058165    6.751096061    3.531401236
    1.142284569    6.788415229    6.788453425    3.535217381
    1.162324649    6.827370627    6.827409132    3.539118346
    1.182364729    6.868026805    6.868065631    3.543105205
    1.202404810    6.910497632    6.910536791    3.547179064
    1.222444890    6.954910154    6.954949657    3.551341068
    1.242484970    7.001406680    7.001446540    3.555592400
    1.262525050    7.050147287    7.050187516    3.559934282
    1.282565130    7.101312801    7.101353412    3.564367976
    1.302605210    7.155108385    7.155149392    3.568894787
    1.322645291    7.211767804    7.211809219    3.573516066
    1.342685371    7.271558488    7.271600326    3.578233206
    1.362725451    7.334787438    7.334829713    3.583047650
    1.382765531    7.401807905    7.401850630    3.587960892
    1.402805611    7.473026498    7.473069687    3.592974473
    1.422845691    7.548909733    7.548953400    3.598089993
    1.442885772    7.629987660    7.630031820    3.603309104
    1.462925852    7.716849252    7.716893916    3.608633519
    1.482965932    7.810117856    7.810163038    3.614065010
    1.503006012    7.910381250    7.910426963    3.619605414
    1.523046092    8.018020792    8.018067052    3.625256635
    1.543086172    8.132819159    8.132865987    3.631020645
    1.563126253    8.253090002    8.253137436    3.636899490
    1.583166333    8.373818145    8.373866260    3.642895294
    1.603206413    8.482992133    8.483041081    3.649010258
    1.623246493    8.555825934    8.555876025    3.655246670
    1.643286573    8.551706505    8.551758302    3.661606905
    1.663326653    8.433878770    8.433933067    3.668093433
    1.683366733    8.229313878    8.229371318    3.674708818
    1.703406814    8.051368966    8.051429529    3.681455732
    1.723446894    7.995761346    7.995824456    3.688336953
    1.743486974    8.066058829    8.066123904    3.695355373
    1.763527054    8.220800037    8.220866760    3.702514009
    1.783567134    8.424159925    8.424228204    3.709816003
    1.803607214    8.656186292    8.656256148    3.717264635
    1.823647295    8.907135576    8.907207050    3.724863329
    1.843687375    9.170590793    9.170663838    3.732615661
    1.863727455    9.436946761    9.437021076    3.740525372
    1.883767535    9.684659661    9.684734377    3.748596374
    1.903807615    9.865602075    9.865675205    3.756832766
    1.923847695    9.884166540    9.884234401    3.765238844
    1.943887776    9.592329155    9.592387287    3.773819113
    1.963927856    8.878595947    8.878644655    3.782578307
    1.983967936    7.884920515    7.884971213    3.791521399
    2.004008016    7.022907569    7.022974377    3.800653626
    2.024048096    6.576821179    6.576907290    3.809980504
    2.044088176    6.515817054    6.515917628    3.819507850
    2.064128257    6.687668182    6.687778167    3.829241810
    2.084168337    6.972553402    6.972669930    3.839188884
    2.104208417    7.305265447    7.305387321    3.849355956
    2.124248497    7.655644796    7.655771637    3.859750330
    2.144288577    8.010494433    8.010626014    3.870379766
    2.164328657    8.362237396    8.362372995    3.881252523
    2.184368737    8.700800366    8.700937842    3.892377411
    2.204408818    9.005251258    9.005385645    3.903763841
    2.224448898    9.235419398    9.235541876    3.915421894
    2.244488978    9.337235814    9.337337381    3.927362388
    2.264529058    9.294924080    9.295009161    3.939596964
    2.284569138    9.207385066    9.207478914    3.952138178
    2.304609218    9.233738219    9.233863845    3.964999616
    2.324649299    9.440439304    9.440599746    3.978196017
    2.344689379    9.791857248    9.792046171    3.991743422
    2.364729459   10.229550108   10.229763039    4.005659347
    2.384769539   10.705670930   10.705907988    4.019962975
    2.404809619   11.175278236   11.175543730    4.034675373
    2.424849699   11.581880009   11.582180527    4.049819729
    2.444889780   11.861856779   11.862195259    4.065421574
    2.464929860   11.979406354   11.979775680    4.081508950
    2.484969940   11.949331351   11.949721136    4.098112373
    2.505010020   11.837780993   11.838187826    4.115264327
    2.525050100   11.745961874   11.746380877    4.132997627
    2.545090180   11.671381169   11.671785026    4.151341335
    2.565130261   11.454350293   11.454670448    4.170311543
    2.585170341   10.956468184   10.956611441    4.189892904
    2.605210421   10.208802322   10.208727918    4.210009382
    2.625250501    9.418565637    9.418329386    4.230504071
    2.645290581    8.845724512    8.845406765    4.251187724
    2.665330661    8.619032055    8.618655367    4.271940546
    2.685370741    8.677192765    8.676727929    4.292681242
    2.705410822    8.785367190    8.784759541    4.313470386
    2.725450902    8.671667753    8.670885346    4.335027266
    2.745490982    8.271376383    8.270500744    4.358464052
    2.765531062    7.739386907    7.738572025    4.384108321
    2.785571142    7.102798368    7.102092998    4.411286146
    2.805611222    6.181762452    6.181092588    4.439146123
    2.825651303    4.959377169    4.958652370    4.467704738
    2.845691383    3.725393279    3.724574296    4.498273034
    2.865731463    2.725422103    2.724512805    4.532174151
    2.885771543    1.935575151    1.934605207    4.569476165
    2.905811623    1.264370236    1.263403258    4.609240133
    2.925851703    0.655220192    0.654289144    4.649834474
    2.945891784    0.036672835    0.035833210    4.688660320
    2.965931864   -0.522919817   -0.523505421    4.722171308
    2.985971944   -0.828549644   -0.828816143    4.747018353
    3.006012024   -0.852877542   -0.852931310    4.760245942
    3.026052104   -0.759475142   -0.759434395    4.758269714
    3.046092184   -0.681219526   -0.681138575    4.743383617
    3.066132265   -0.605743243   -0.605633777    4.729486416
    3.086172345   -0.460498240   -0.460357421    4.729705792
    3.106212425   -0.212826032   -0.212640024    4.748389325
    3.126252505    0.119861184    0.120094405    4.785708030
    3.146292585    0.482948614    0.483188338    4.837538737
    3.166332665    0.817907062    0.818116187    4.894322410
    3.186372745    1.105318291    1.105493507    4.943082287
    3.206412826    1.335236541    1.335388762    4.971146990
    3.226452906    1.483632863    1.483796712    4.970626689
    3.246492986    1.542196631    1.542400750    4.938335115
    3.266533066    1.550313527    1.550541374    4.877593662
    3.286573146    1.589315768    1.589520405    4.810133718
    3.306613226    1.717011340    1.717163499    4.771115328
    3.326653307    1.943570025    1.943693948    4.776676104
    3.346693387    2.242842089    2.242977657    4.815232532
    3.366733467    2.567593110    2.567742097    4.868483574
    3.386773547    2.880769988    2.880892379    4.920058840
    3.406813627    3.140106483    3.140153093    4.954072150
    3.426853707    3.253556061    3.253494837    4.962079486
    3.446893788    3.113690007    3.113515986    4.951655101
    3.466933868    2.736525291    2.736286960    4.938218453
    3.486973948    2.334263063    2.334062405    4.926343427
    3.507014028    2.137986046    2.137885802    4.906445410
    3.527054108    2.169603900    2.169572520    4.873079043
    3.547094188    2.265755187    2.265731685    4.834288977
    3.567134269    2.250335835    2.250322464    4.800056057
    3.587174349    2.067325613    2.067430258    4.775390948
    3.607214429    1.800427597    1.800734482    4.762390847
    3.627254509    1.591777900    1.592185775    4.756034360
    3.647294589    1.526931491    1.527279312    4.738354387
    3.667334669    1.582648682    1.582881017    4.698937790
    3.687374749    1.719587765    1.719731046    4.648524618
    3.707414830    1.935518677    1.935615285    4.601290726
    3.727454910    2.200563168    2.200645774    4.571074811
    3.747494990    2.435058837    2.435157388    4.568721691
    3.767535070    2.530935127    2.531094364    4.587955129
    3.787575150    2.346467968    2.346743788    4.616025955
    3.807615230    1.800258913    1.800657619    4.648432542
    3.827655311    1.071894673    1.072349966    4.683043217
    3.847695391    0.502558192    0.503043224    4.718158472
    3.867735471    0.232444717    0.233013330    4.757862121
    3.887775551    0.192918245    0.193568145    4.810362813
    3.907815631    0.323266066    0.323851268    4.879093065
    3.927855711    0.602557645    0.602938878    4.956564616
    3.947895792    0.975844187    0.976018647    5.030717437
    3.967935872    1.349913336    1.349940392    5.091474909
    3.987975952    1.637898348    1.637822783    5.128957356
    4.008016032    1.796013105    1.795865065    5.133997848
    4.028056112    1.817944150    1.817757446    5.102845412
    4.048096192    1.707920256    1.707756404    5.046909777
    4.068136273    1.495550770    1.495505933    5.000743466
    4.088176353    1.235100408    1.235235734    4.992977309
    4.108216433    0.990984252    0.991246863    5.020088248
    4.128256513    0.850238527    0.850496631    5.065828343
    4.148296593    0.875770129    0.875956998    5.123369906
    4.168336673    1.052982204    1.053133016    5.199946409
    4.188376754    1.309770759    1.309942468    5.305174035
    4.208416834    1.553226625    1.553451712    5.434916123
    4.228456914    1.704372159    1.704654791    5.573751059
    4.248496994    1.744220564    1.744536582    5.704351543
    4.268537074    1.738586976    1.738906111    5.815008975
    4.288577154    1.779744908    1.780044292    5.909124703
    4.308617234    1.904175490    1.904446204    6.004683894
    4.328657315    2.077989847    2.078238213    6.116758621
    4.348697395    2.211474862    2.211700518    6.248228386
    4.368737475    2.178657343    2.178864983    6.392933218
    4.388777555    1.893346963    1.893583450    6.542367584
    4.408817635    1.352103492    1.352402998    6.688157645
    4.428857715    0.629653531    0.629924785    6.816606500
    4.448897796   -0.068237017   -0.068169614    6.910917626
    4.468937876   -0.518327888   -0.518549290    6.962469617
    4.488977956   -0.681598547   -0.682003293    6.970893173
    4.509018036   -0.649536629   -0.649918237    6.944404652
    4.529058116   -0.502598100   -0.502818688    6.908742626
    4.549098196   -0.288976570   -0.289005840    6.897454509
    4.569138277   -0.074953059   -0.074810818    6.908294703
    4.589178357    0.057690264    0.057961840    6.887921362
    4.609218437    0.088114301    0.088416349    6.795306417
    4.629258517    0.084042899    0.084260551    6.670501152
    4.649298597    0.103813431    0.103921938    6.592660432
    4.669338677    0.158174682    0.158227531    6.575159885
    4.689378758    0.244146363    0.244187144    6.564356066
    4.709418838    0.312671202    0.312710761    6.518777944
    4.729458918    0.282042149    0.282079671    6.445203908
    4.749498998    0.146446133    0.146482062    6.363380962
    4.769539078    0.011349805    0.011402514    6.266026734
    4.789579158   -0.023655657   -0.023570460    6.133465878
    4.809619238    0.043641516    0.043737849    5.981498855
    4.829659319    0.149342327    0.149431597    5.884785967
    4.849699399    0.231909896    0.232021332    5.906395920
    4.869739479    0.268686175    0.268864340    6.037554999
    4.889779559    0.268824328    0.269074096    6.229928400
    4.909819639    0.267740130    0.268029836    6.415924666
    4.929859719    0.311226570    0.311521950    6.534058468
    4.949899800    0.428200054    0.428450827    6.581649996
    4.969939880    0.612277624    0.612423688    6.603350378
    4.989979960    0.803497820    0.803501895    6.608574610
    5.010020040    0.905634021    0.905470832    6.538076108
    5.030060120    0.831681293    0.831355832    6.343372038
    5.050100200    0.561170149    0.560763280    6.064903764
    5.070140281    0.198864583    0.198496450    5.779838198
    5.090180361   -0.078946058   -0.079198932    5.553526593
    5.110220441   -0.191554786   -0.191687373    5.447879191
    5.130260521   -0.205963209   -0.206017771    5.456712650
    5.150300601   -0.220356850   -0.220375851    5.489260225
    5.170340681   -0.275362605   -0.275368461    5.482783653
    5.190380762   -0.385566299   -0.385579901    5.465494747
    5.210420842   -0.551981720   -0.552015906    5.462903716
    5.230460922   -0.724724712   -0.724766088    5.426386916
    5.250501002   -0.844082364   -0.844115193    5.280764591
    5.270541082   -0.904110743   -0.904112865    5.024585484
    5.290581162   -0.936645582   -0.936594373    4.779615199
    5.310621242   -0.951697334   -0.951604765    4.639356249
    5.330661323   -0.904841727   -0.904752296    4.525182171
    5.350701403   -0.753860969   -0.753804560    4.309200123
    5.370741483   -0.518239878   -0.518216026    3.982411231
    5.390781563   -0.257030412   -0.257029994    3.625350874
    5.410821643   -0.029745831   -0.029763144    3.247721474
    5.430861723    0.123328946    0.123294882    2.820345893
    5.450901804    0.188132704    0.188072699    2.406488272
    5.470941884    0.183772341    0.183677253    2.091607198
    5.490981964    0.168730147    0.168614884    1.851397210
    5.511022044    0.194757366    0.194637884    1.601674118
    5.531062124    0.245686573    0.245542602    1.333807910
    5.551102204    0.272112126    0.271910580    1.069982335
    5.571142285    0.271977933    0.271741283    0.802464416
    5.591182365    0.292303137    0.292103867    0.541575208
    5.611222445    0.355263310    0.355133446    0.277382190
    5.631262525    0.419860139    0.419778942   -0.067048713
    5.651302605    0.420709767    0.420650011   -0.521858524
    5.671342685    0.343126227    0.343077739   -1.021787320
    5.691382766    0.246975073    0.246933518   -1.505514745
    5.711422846    0.196782823    0.196733615   -1.954943130
    5.731462926    0.201038047    0.200975994   -2.325075986
    5.751503006    0.226057646    0.226009787   -2.519811661
    5.771543086    0.239480115    0.239466767   -2.483927281
    5.791583166    0.222735616    0.222745660   -2.282261986
    5.811623246    0.152032708    0.152055981   -2.042336504
    5.831663327    0.012322017    0.012350054   -1.842849539
    5.851703407   -0.148200054   -0.148188025   -1.678010287
    5.871743487   -0.239317895   -0.239340251   -1.514248629
    5.891783567   -0.232854146   -0.232905281   -1.332614350
    5.911823647   -0.188831089   -0.188887675   -1.137260246
    5.931863727   -0.184437869   -0.184494815   -0.949371321
    5.951903808   -0.245609193   -0.245704426   -0.797782317
    5.971943888   -0.345657357   -0.345828609   -0.708785192
    5.991983968   -0.442974470   -0.443196201   -0.683177368
    6.012024048   -0.490634275   -0.490837738   -0.710818594
    6.032064128   -0.460203813   -0.460351091   -0.780457502
    6.052104208   -0.371029202   -0.371129621   -0.871729808
    6.072144289   -0.278070475   -0.278144285   -0.940769863
    6.092184369   -0.239081043   -0.239146219   -0.923758660
    6.112224449   -0.271823017   -0.271901374   -0.800349759
    6.132264529   -0.338875939   -0.338978324   -0.607593678
    6.152304609   -0.389509107   -0.389612427   -0.392223396
    6.172344689   -0.404635902   -0.404705577   -0.187302237
    6.192384770   -0.402128272   -0.402148120   -0.024341559
    6.212424850   -0.421871796   -0.421846560    0.066016303
    6.232464930   -0.500941465   -0.500895428    0.085304855
    6.252505010   -0.643498000   -0.643464931    0.075123691
    6.272545090   -0.813183831   -0.813187613    0.061793455
    6.292585170   -0.947816207   -0.947858988    0.001222267
    6.312625251   -1.005946644   -1.006012728   -0.175215884
    6.332665331   -1.005857550   -1.005933677   -0.441302015
    6.352705411   -1.003318786   -1.003402717   -0.664476834
    6.372745491   -1.031144985   -1.031237184   -0.741882143
    6.392785571   -1.082925137   -1.083019882   -0.673454978
    6.412825651   -1.145140492   -1.145227435   -0.528776590
    6.432865731   -1.196529034   -1.196603594   -0.393591584
    6.452905812   -1.216358442   -1.216420401   -0.329376172
    6.472945892   -1.216168668   -1.216211566   -0.338645194
    6.492985972   -1.214038733   -1.214057396   -0.368710668
    6.513026052   -1.192809083   -1.192817690   -0.368652809
    6.533066132   -1.120779885   -1.120797141   -0.329848002
    6.553106212   -1.000907767   -1.000935393   -0.270299185
    6.573146293   -0.869178904   -0.869209134   -0.198262963
    6.593186373   -0.757433179   -0.757464093   -0.112349463
    6.613226453   -0.667970932   -0.668008490   -0.005668942
    6.633266533   -0.585663772   -0.585707581    0.136622934
    6.653306613   -0.508396738   -0.508437783    0.317526463
    6.673346693   -0.449755114   -0.449792794    0.522066725
    6.693386774   -0.418161198   -0.418206785    0.729066502
    6.713426854   -0.412561559   -0.412622076    0.916412398
    6.733466934   -0.434501828   -0.434574457    1.062943635
    6.753507014   -0.470408904   -0.470483326    1.158907782
    6.773547094   -0.486460766   -0.486520739    1.219128682
    6.793587174   -0.465766572   -0.465802330    1.270969079
    6.813627255   -0.413158027   -0.413176016    1.317227568
    6.833667335   -0.331254297   -0.331266809    1.330637070
    6.853707415   -0.231729507   -0.231737969    1.286524249
    6.873747495   -0.152248855   -0.152244004    1.180932207
    6.893787575   -0.140092209   -0.140068683    1.039844674
    6.913827655   -0.213554159   -0.213523096    0.906133622
    6.933867735   -0.337534091   -0.337507754    0.808280645
    6.953907816   -0.458459840   -0.458433194    0.760950686
    6.973947896   -0.553014487   -0.552980607    0.773211503
    6.993987976   -0.620084860   -0.620045759    0.837419355
    7.014028056   -0.646051660   -0.646015864    0.907076818
    7.034068136   -0.617963288   -0.617937494    0.915389834
    7.054108216   -0.551748672   -0.551731998    0.835261904
    7.074148297   -0.476673676   -0.476659828    0.720405519
    7.094188377   -0.413707780   -0.413689719    0.650670884
    7.114228457   -0.365887263   -0.365862713    0.652549356
    7.134268537   -0.319891437   -0.319863532    0.709399822
    7.154308617   -0.273488693   -0.273460464    0.803102325
    7.174348697   -0.244078412   -0.244046448    0.915345868
    7.194388778   -0.238329449   -0.238280633    1.016744973
    7.214428858   -0.242855601   -0.242772359    1.077459143
    7.234468938   -0.251138597   -0.251010298    1.093508676
    7.254509018   -0.265679721   -0.265520730    1.089430610
    7.274549098   -0.277206585   -0.277057726    1.086849964
    7.294589178   -0.272064617   -0.271948400    1.081937972
    7.314629259   -0.253530459   -0.253434190    1.047668345
    7.334669339   -0.232490580   -0.232405630    0.966529482
    7.354709419   -0.213410009   -0.213352572    0.869037820
    7.374749499   -0.203384298   -0.203368901    0.808146193
    7.394789579   -0.212944039   -0.212964133    0.812343668
    7.414829659   -0.231890058   -0.231925953    0.871023456
    7.434869739   -0.226549913   -0.226582656    0.954864748
    7.454909820   -0.178716869   -0.178735723    1.050393905
    7.474949900   -0.106739361   -0.106739587    1.169595335
    7.494989980   -0.047502315   -0.047480868    1.326440485
    7.515030060   -0.029594041   -0.029551175    1.513575089
    7.535070140   -0.051035523   -0.050980664    1.709998592
    7.555110220   -0.085094835   -0.085044985    1.893628710
    7.575150301   -0.111351112   -0.111320342    2.038176395
    7.595190381   -0.121986164   -0.121978771    2.108548835
    7.615230461   -0.114062230   -0.114075652    2.060076380
    7.635270541   -0.099612582   -0.099644508    1.854352505
    7.655310621   -0.106961962   -0.107011341    1.527153892
    7.675350701   -0.156216068   -0.156277486    1.218873121
    7.695390782   -0.244482965   -0.244547365    1.039647165
    7.715430862   -0.351995571   -0.352055570    0.965180657
    7.735470942   -0.447625502   -0.447677640    0.914198659
    7.755511022   -0.507714073   -0.507756653    0.855613909
    7.775551102   -0.527405053   -0.527433744    0.828162356
    7.795591182   -0.512749416   -0.512758813    0.879356262
    7.815631263   -0.476589668   -0.476578616    1.013303012
    7.835671343   -0.432403051   -0.432377591    1.192191192
    7.855711423   -0.382128553   -0.382098967    1.359950284
    7.875751503   -0.318409320   -0.318382835    1.468656025
    7.895791583   -0.241872446   -0.241849277    1.508911042
    7.915831663   -0.165982989   -0.165958828    1.516862914
    7.935871743   -0.108691420   -0.108660524    1.521640969
    7.955911824   -0.083456246   -0.083416004    1.510405132
    7.975951904   -0.088019846   -0.087979065    1.474794774
    7.995991984   -0.099536234   -0.099514086    1.452760915
    8.016032064   -0.093819297   -0.093826904    1.485522280
    8.036072144   -0.065568958   -0.065600800    1.553260531
    8.056112224   -0.025138071   -0.025182969    1.576435404
    8.076152305    0.014892220    0.014841991    1.482468957
    8.096192385    0.049802282    0.049752062    1.276652085
    8.116232465    0.084678489    0.084634051    1.023648713
    8.136272545    0.124879796    0.124845326    0.758416440
    8.156312625    0.167316979    0.167294409    0.460834434
    8.176352705    0.203603821    0.203594799    0.116944192
    8.196392786    0.223914231    0.223919973   -0.228374566
    8.216432866    0.222817422    0.222834885   -0.499407059
    8.236472946    0.208810544    0.208829821   -0.646313697
    8.256513026    0.200014800    0.200025411   -0.667245579
    8.276553106    0.208140411    0.208140311   -0.604793093
    8.296593186    0.233141171    0.233136440   -0.521281831
    8.316633267    0.268963259    0.268961211   -0.452878967
    8.336673347    0.310188877    0.310191736   -0.386623190
    8.356713427    0.356111432    0.356115594   -0.300429819
    8.376753507    0.407879885    0.407882572   -0.200940071
    8.396793587    0.461614458    0.461617707   -0.109828519
    8.416833667    0.509190410    0.509198083   -0.049398485
    8.436873747    0.546261072    0.546273976   -0.031554411
    8.456913828    0.575457099    0.575470543   -0.036674936
    8.476953908    0.599986413    0.599992059   -0.019119697
    8.496993988    0.619105737    0.619096612    0.048326475
    8.517034068    0.630608704    0.630586581    0.146464384
    8.537074148    0.636088953    0.636065731    0.231624331
    8.557114228    0.637958133    0.637944657    0.267538760
    8.577154309    0.633148039    0.633145188    0.245660967
    8.597194389    0.621439032    0.621439585    0.190332187
    8.617234469    0.611707828    0.611704079    0.139868537
    8.637274549    0.614634032    0.614625069    0.121463899
    8.657314629    0.634910229    0.634900012    0.141159552
    8.677354709    0.672071021    0.672062406    0.188614734
    8.697394790    0.722964304    0.722957074    0.233045749
    8.717434870    0.779702146    0.779694428    0.228231749
    8.737474950    0.832175210    0.832164917    0.152237193
    8.757515030    0.873829062    0.873813726    0.034999304
    8.777555110    0.902243985    0.902221469   -0.070220085
    8.797595190    0.918781781    0.918754497   -0.129640959
    8.817635271    0.932217281    0.932194084   -0.131482349
    8.837675351    0.956389081    0.956378617   -0.077863165
    8.857715431    0.995925121    0.995927625    0.017884371
    8.877755511    1.038235837    1.038244835    0.138876546
    8.897795591    1.063042844    1.063051086    0.266384725
    8.917835671    1.058467302    1.058471414    0.381921560
    8.937875752    1.027856426    1.027860603    0.476552353
    8.957915832    0.983568061    0.983579836    0.558165574
    8.977955912    0.944587125    0.944607685    0.639523715
    8.997995992    0.930567365    0.930592889    0.724654286
    9.018036072    0.944147183    0.944175252    0.812710517
    9.038076152    0.972960505    0.972989368    0.896323727
    9.058116232    1.007413794    1.007440083    0.959532520
    9.078156313    1.043485376    1.043504944    0.991937117
    9.098196393    1.072889959    1.072900451    0.995476751
    9.118236473    1.080147565    1.080150239    0.981317089
    9.138276553    1.055582364    1.055583391    0.974489780
    9.158316633    1.002899262    1.002906105    1.003894617
    9.178356713    0.936838678    0.936854665    1.081697877
    9.198396794    0.883367947    0.883394628    1.195286344
    9.218436874    0.855877618    0.855918636    1.317870799
    9.238476954    0.838234473    0.838287035    1.427906277
    9.258517034    0.812071955    0.812117782    1.523033275
    9.278557114    0.775136382    0.775159296    1.620468923
    9.298597194    0.733769436    0.733773957    1.731755764
    9.318637275    0.698536395    0.698534882    1.841077300
    9.338677355    0.677399200    0.677394298    1.924649146
    9.358717435    0.677115940    0.677103144    1.979739858
    9.378757515    0.702607326    0.702584844    2.018160390
    9.398797595    0.748302481    0.748271405    2.038462394
    9.418837675    0.800871178    0.800833676    2.019136827
    9.438877756    0.850472246    0.850435153    1.931457610
    9.458917836    0.897966061    0.897937562    1.774608325
    9.478957916    0.944410966    0.944392112    1.591506931
    9.498997996    0.981952352    0.981939393    1.421863329
    9.519038076    1.006582512    1.006574397    1.273598150
    9.539078156    1.023090693    1.023088181    1.133163367
    9.559118236    1.027120086    1.027120412    0.993086630
    9.579158317    1.000635637    1.000631446    0.875806285
    9.599198397    0.932777255    0.932760790    0.802757638
    9.619238477    0.845157287    0.845129275    0.772361019
    9.639278557    0.783691034    0.783660374    0.773885062
    9.659318637    0.775191312    0.775161679    0.795044738
    9.679358717    0.806165236    0.806132223    0.807198921
    9.699398798    0.845273540    0.845234478    0.778643676
    9.719438878    0.867216797    0.867176145    0.704617252
    9.739478958    0.856829626    0.856791204    0.593728812
    9.759519038    0.813111092    0.813075019    0.463434475
    9.779559118    0.764936579    0.764905367    0.349818112
    9.799599198    0.756159073    0.756135334    0.276441057
    9.819639279    0.800890152    0.800872859    0.231058541
    9.839679359    0.879197366    0.879184065    0.185964097
    9.859719439    0.964228892    0.964218221    0.142772037
    9.879759519    1.038968335    1.038960978    0.129420370
    9.899799599    1.098025565    1.098022759    0.143301284
    9.919839679    1.144918622    1.144919585    0.148945632
    9.939879760    1.192693366    1.192696612    0.126559983
    9.959919840    1.253220137    1.253227348    0.068301375
    9.979959920    1.321500282    1.321516791   -0.054674964
   10.000000000    1.382006843    1.382039441   -0.252362221
